cities <- c(0, 125, 1239, 3026, 480, 3300, 3736, 1192, 2373, 1230, 979, 684,
         125, 0, 1150, 1954, 604, 3330, 3740, 1316, 2389, 1207, 955, 661,
         1239, 1150, 0, 1945, 1717, 3929, 4157, 2092, 1892, 2342, 2090, 1796,
         3026, 1954, 1945, 0, 1847, 3202, 2457, 1570, 993, 3156, 2905, 2610,
         480, 604, 1717, 1847, 0, 2825, 3260, 716, 2657, 1710, 1458, 1164,
         3300, 3330, 3929, 3202, 2825, 0, 2668, 2111, 4279, 4531, 4279, 3985,
         3736, 3740, 4157, 2457, 3260, 2668, 0, 2547, 3431, 4967, 4715, 4421,
         1192, 1316, 2092, 1570, 716, 2111, 2547, 0, 2673, 2422, 2170, 1876,
         2373, 2389, 1892, 993, 2657, 4279, 3431, 2673, 0, 3592, 3340, 3046,
         1230, 1207, 2342, 3156, 1710, 4531, 4967, 2422, 3592, 0, 256, 546,
         979, 955, 2090, 2905, 1458, 4279, 4715, 2170, 3340, 256, 0, 294,
         684, 661, 1796, 2610, 1164, 3985, 4421, 1876, 3046, 546, 294, 0)

cities.mat <- matrix(data = cities, nrow = 12, ncol = 12, byrow = T)
cities.mds <- cmdscale(d = as.dist(cities.mat), k = 2, eig = T)

python.coord <- data.frame(x = c(390.93202844, 70.07182307, -871.90104764, -1172.82954513, 443.23307568, 1683.56607553, -124.86643847, 546.88340061, -2119.70873329, 471.22843786, 389.59631111, 293.79461223), y = c(-732.62610309, -654.60283336, -683.96135849, 935.26442577, -153.57057827, 2246.75848309, 2964.34672567, 588.43025072, 417.95490842, -1920.62552514, -1657.32035215, -1350.04804318))

r.coord <- data.frame(x = cities.mds$points[, 2], y = cities.mds$points[, 1])
coords <- data.frame(xr = cities.mds$points[, 2], yr = cities.mds$points[, 1], xp = python.coord$x, yp = python.coord$y)
write.csv(x = coords, file = "merged-coord.csv")
